   8       0 sda 16468 2154 1285242 14503 171171 130200 3058008 580552 0 463692 791282 0 0 0 0 79691 196226
   8       1 sda1 38 0 304 10 0 0 0 0 0 56 10 0 0 0 0 0 0
   8       2 sda2 58 0 4176 50 0 0 0 0 0 72 50 0 0 0 0 0 0
   8       3 sda3 56 0 4160 48 0 0 0 0 0 60 48 0 0 0 0 0 0
   8       4 sda4 16060 2154 1274312 13925 170147 130200 3058008 579608 0 462760 593533 0 0 0 0 0 0
   7       0 loop0 115152 0 868648 8924 0 0 0 0 0 165620 8924 0 0 0 0 0 0
   7       1 loop1 256 0 35450 106 74429 0 601480 268528 0 326928 517391 191 0 7772480 7 32919 248749
   7       2 loop2 0 0 0 0 0 0 0 0 0 0 0 0 0 0 0 0 0
   7       3 loop3 0 0 0 0 0 0 0 0 0 0 0 0 0 0 0 0 0
   7       4 loop4 0 0 0 0 0 0 0 0 0 0 0 0 0 0 0 0 0
   7       5 loop5 0 0 0 0 0 0 0 0 0 0 0 0 0 0 0 0 0
   7       6 loop6 0 0 0 0 0 0 0 0 0 0 0 0 0 0 0 0 0
   7       7 loop7 0 0 0 0 0 0 0 0 0 0 0 0 0 0 0 0 0
