                    CPU0       CPU1       CPU2       CPU3       
          HI:          0          0          0          0
       TIMER:    2585205    5250209    2192394    2488198
      NET_TX:      20749     163370          7          4
      NET_RX:    3183927    3327671    2831698    2913698
       BLOCK:      49059     193536     100927     114098
    IRQ_POLL:          0          0          0          0
     TASKLET:          0          7         69          0
       SCHED:   10746634   13392660   11530773   12273459
     HRTIMER:          0          0          0          0
         RCU:    8473512    8987576    8601222    8416812
