00000000000000000000000000000001 80 00000000000000000000000000000000 00 00000000000000000000000000000000 00000100 00000001 00000000 00000001       lo
fd000000000000000000000000000000 50 00000000000000000000000000000000 00 00000000000000000000000000000000 00000100 00000002 00000000 00000001  docker0
fd000000000000000000000000000000 50 00000000000000000000000000000000 00 00000000000000000000000000000000 00000400 00000001 00000000 00000001  docker0
fe800000000000000000000000000000 40 00000000000000000000000000000000 00 00000000000000000000000000000000 00000100 00000001 00000000 00000001  docker0
fe800000000000000000000000000000 40 00000000000000000000000000000000 00 00000000000000000000000000000000 00000100 00000005 00000000 00000001     eth0
fe800000000000000000000000000000 40 00000000000000000000000000000000 00 00000000000000000000000000000000 00000100 00000001 00000000 00000001   Bridge
fe800000000000000000000000000000 40 00000000000000000000000000000000 00 00000000000000000000000000000000 00000100 00000001 00000000 00000001 Loopback0
fe800000000000000000000000000000 40 00000000000000000000000000000000 00 00000000000000000000000000000000 00000100 00000001 00000000 00000001 Ethernet0
fe800000000000000000000000000000 40 00000000000000000000000000000000 00 00000000000000000000000000000000 00000100 00000001 00000000 00000001  Vlan200
fe800000000000000000000000000000 40 00000000000000000000000000000000 00 00000000000000000000000000000000 00000100 00000001 00000000 00000001 Ethernet4
fe800000000000000000000000000000 40 00000000000000000000000000000000 00 00000000000000000000000000000000 00000100 00000001 00000000 00000001 Ethernet8
fe800000000000000000000000000000 40 00000000000000000000000000000000 00 00000000000000000000000000000000 00000100 00000001 00000000 00000001 Ethernet12
00000000000000000000000000000000 00 00000000000000000000000000000000 00 00000000000000000000000000000000 ffffffff 00000001 00000000 00200200       lo
00000000000000000000000000000001 80 00000000000000000000000000000000 00 00000000000000000000000000000000 00000000 00000005 00000000 80200001       lo
fd000000000000000000000000000000 80 00000000000000000000000000000000 00 00000000000000000000000000000000 00000000 00000003 00000000 00300001  docker0
fd000000000000000000000000000001 80 00000000000000000000000000000000 00 00000000000000000000000000000000 00000000 00000004 00000000 80200001  docker0
fe800000000000000000000000000000 80 00000000000000000000000000000000 00 00000000000000000000000000000000 00000000 00000003 00000000 00300001  docker0
fe800000000000000000000000000000 80 00000000000000000000000000000000 00 00000000000000000000000000000000 00000000 00000003 00000000 00300001   Bridge
fe800000000000000000000000000000 80 00000000000000000000000000000000 00 00000000000000000000000000000000 00000000 00000003 00000000 00300001 Loopback0
fe800000000000000000000000000000 80 00000000000000000000000000000000 00 00000000000000000000000000000000 00000000 00000003 00000000 00300001 Ethernet0
fe800000000000000000000000000000 80 00000000000000000000000000000000 00 00000000000000000000000000000000 00000000 00000003 00000000 00300001  Vlan200
fe800000000000000000000000000000 80 00000000000000000000000000000000 00 00000000000000000000000000000000 00000000 00000003 00000000 00300001 Ethernet4
fe800000000000000000000000000000 80 00000000000000000000000000000000 00 00000000000000000000000000000000 00000000 00000003 00000000 00300001 Ethernet8
fe800000000000000000000000000000 80 00000000000000000000000000000000 00 00000000000000000000000000000000 00000000 00000003 00000000 00300001 Ethernet12
fe800000000000000000000000000001 80 00000000000000000000000000000000 00 00000000000000000000000000000000 00000000 00000007 00000000 80200001  docker0
fe800000000000000061e6fffeab7141 80 00000000000000000000000000000000 00 00000000000000000000000000000000 00000000 00000002 00000000 80200001 Loopback0
fe8000000000000002e0ecfffe3be606 80 00000000000000000000000000000000 00 00000000000000000000000000000000 00000000 00000006 00000000 80200001     eth0
fe8000000000000002e0ecfffe3be606 80 00000000000000000000000000000000 00 00000000000000000000000000000000 00000000 00000002 00000000 80200001 Ethernet0
fe8000000000000002e0ecfffe3be606 80 00000000000000000000000000000000 00 00000000000000000000000000000000 00000000 00000006 00000000 80200001  Vlan200
fe8000000000000002e0ecfffe3be606 80 00000000000000000000000000000000 00 00000000000000000000000000000000 00000000 00000002 00000000 80200001 Ethernet4
fe8000000000000002e0ecfffe3be606 80 00000000000000000000000000000000 00 00000000000000000000000000000000 00000000 00000002 00000000 80200001 Ethernet8
fe8000000000000002e0ecfffe3be606 80 00000000000000000000000000000000 00 00000000000000000000000000000000 00000000 00000002 00000000 80200001 Ethernet12
fe8000000000000098a280fffebcd85c 80 00000000000000000000000000000000 00 00000000000000000000000000000000 00000000 00000002 00000000 80200001   Bridge
ff000000000000000000000000000000 08 00000000000000000000000000000000 00 00000000000000000000000000000000 00000100 00000005 00000000 00000001     eth0
ff000000000000000000000000000000 08 00000000000000000000000000000000 00 00000000000000000000000000000000 00000100 00000001 00000000 00000001   Bridge
ff000000000000000000000000000000 08 00000000000000000000000000000000 00 00000000000000000000000000000000 00000100 00000001 00000000 00000001 Loopback0
ff000000000000000000000000000000 08 00000000000000000000000000000000 00 00000000000000000000000000000000 00000100 00000001 00000000 00000001 Ethernet0
ff000000000000000000000000000000 08 00000000000000000000000000000000 00 00000000000000000000000000000000 00000100 00000005 00000000 00000001  Vlan200
ff000000000000000000000000000000 08 00000000000000000000000000000000 00 00000000000000000000000000000000 00000100 00000001 00000000 00000001 Ethernet4
ff000000000000000000000000000000 08 00000000000000000000000000000000 00 00000000000000000000000000000000 00000100 00000001 00000000 00000001 Ethernet8
ff000000000000000000000000000000 08 00000000000000000000000000000000 00 00000000000000000000000000000000 00000100 00000001 00000000 00000001 Ethernet12
00000000000000000000000000000000 00 00000000000000000000000000000000 00 00000000000000000000000000000000 ffffffff 00000001 00000000 00200200       lo
