sk               Eth Pid        Groups   Rmem     Wmem     Dump  Locks    Drops    Inode
000000006f247253 0   562        00000000 768      0        0     2        0        17889   
0000000022a5e1fd 0   1308622985 00000005 0        0        0     2        0        35831   
00000000d0845f15 0   1623195732 00000000 0        0        0     2        0        37313   
0000000090a6f56e 0   3951846307 00000000 0        0        0     2        0        29097   
0000000054934b2e 0   22         00020100 0        0        0     2        0        60872   
0000000038c03329 0   2797083784 00000000 0        0        0     2        0        14154   
000000005bbdc896 0   1308622965 00000000 0        0        0     2        0        35752   
00000000a99838cc 0   2388401797 00000000 0        0        0     2        0        29098   
00000000616c0995 0   4371       00000771 0        0        0     2        0        35223   
00000000f0cca684 0   1329594392 00000001 0        0        0     2        0        36873   
000000000df3d0ea 0   1128267835 00000000 0        0        0     2        0        29205   
0000000035eadd97 0   0          00000000 0        0        0     2        0        1040    
00000000a2b781ce 0   26         00000111 0        0        0     2        0        38080   
00000000a20c7165 0   1308622932 00000004 0        0        0     2        0        37312   
00000000ca0e04e6 0   1220542500 00000001 0        0        0     2        0        34935   
000000007f814fce 0   35         800405f5 0        0        0     2        0        29096   
00000000e05043a8 4   0          00000000 0        0        0     2        0        10432   
000000007cece83b 6   562        00000000 0        0        0     2        0        17890   
000000003b0faf99 6   0          00000000 0        0        0     2        0        13937   
000000001d6d019d 7   0          00000000 0        0        0     2        0        11      
00000000df28af3d 9   2184840    00000000 0        0        0     2        0        5336036 
00000000e9e0efb1 9   1          00000001 0        0        0     2        0        13131   
00000000d80d043e 9   358        00000000 0        0        0     2        0        13354   
00000000c486e034 9   0          00000000 0        0        0     2        0        1042    
00000000df0dda77 9   3414735892 00000000 0        0        0     2        0        13181   
000000000363390b 10  0          00000000 0        0        0     2        0        1050    
00000000bfb14087 11  0          00000000 0        0        0     2        0        2053    
0000000084842dad 12  0          00000000 0        0        0     2        0        10546   
0000000053162b66 12  562        00000000 0        0        0     2        0        17891   
000000002608d2f3 15  1          00000002 0        0        0     2        0        13111   
0000000020ca77e7 15  3414368953 00000002 0        0        0     2        0        16911   
00000000d5daf013 15  3688482069 00000001 0        0        0     2        0        13140   
00000000c95bc84e 15  429        00000002 0        0        0     2        0        16909   
00000000d9de90d8 15  3120194097 00000002 0        0        0     2        0        16910   
00000000830b9ded 15  3898942841 00000002 0        0        0     2        0        16912   
0000000079f55653 15  0          00000000 0        0        0     2        0        1044    
0000000020589fd2 16  0          00000000 0        0        0     2        0        1041    
00000000b7417896 18  0          00000000 0        0        0     2        0        70      
