sk       RefCnt Type Proto  Iface R Rmem   User   Inode
000000002eb8854e 3      3    0003   2     1 0      0      29071 
0000000057f59517 3      3    0003   2     1 0      102    38971 
00000000dfba86f3 3      3    0003   10    1 0      102    48563 
00000000e5e74cc1 3      3    0003   11    1 0      102    48571 
000000002dfa7e60 3      3    0003   12    1 0      102    46910 
00000000759b5c81 3      3    0003   13    1 0      102    48575 
00000000a98270e3 3      3    0003   14    1 0      102    48579 
000000002267c843 3      3    0003   15    1 0      102    48583 
000000009bde8198 3      3    0003   16    1 0      102    48587 
000000009519030b 3      3    0003   17    1 0      102    48595 
00000000dbea9f68 3      3    0003   18    1 0      102    48599 
00000000afca854d 3      3    0003   19    1 0      102    48603 
0000000004f21977 3      3    0003   20    1 0      102    48607 
000000000da6534a 3      3    0003   21    1 0      102    48611 
00000000f037d60b 3      3    0003   22    1 0      102    48615 
0000000000e38de1 3      3    0003   23    1 0      102    46926 
00000000ed372307 3      3    0003   24    1 0      102    46930 
00000000ea8ddfcd 3      3    0003   25    1 0      102    48625 
00000000afaad904 3      3    0003   26    1 0      102    46936 
0000000007c67688 3      3    0003   27    1 0      102    48629 
00000000ccdbe3d2 3      3    0003   28    1 0      102    48635 
00000000dcc0b5ea 3      3    0003   29    1 0      102    46942 
0000000079470699 3      3    0003   30    1 0      102    46946 
000000007ccef3d4 3      3    0003   31    1 0      102    46950 
00000000c7a65fc6 3      3    0003   32    1 0      102    46954 
000000008ecd9673 3      3    0003   33    1 0      102    46958 
00000000981acfc6 3      3    0003   34    1 0      102    46962 
00000000015a07ed 3      3    0003   35    1 0      102    46966 
00000000d0e072ed 3      3    0003   36    1 0      102    46970 
00000000412770d0 3      3    0003   37    1 0      102    48636 
00000000374b0ed6 3      3    0003   38    1 0      102    46977 
00000000aa192780 3      3    0003   39    1 0      102    46981 
0000000016d2e7a8 3      3    0003   40    1 0      102    46985 
0000000083929b7c 3      3    0003   41    1 0      102    46989 
